{"metadata":{"kernelspec":{"language":"python","display_name":"Python 3","name":"python3"},"language_info":{"name":"python","version":"3.10.12","mimetype":"text/x-python","codemirror_mode":{"name":"ipython","version":3},"pygments_lexer":"ipython3","nbconvert_exporter":"python","file_extension":".py"}},"nbformat_minor":4,"nbformat":4,"cells":[{"cell_type":"markdown","source":"## 1 - Imports and nltk downloads","metadata":{}},{"cell_type":"code","source":"import os\ndownload_dir = f'{os.getcwd()}/nltk_data'\nos.environ['NLTK_DATA'] = download_dir\n\nimport nltk\nnltk.download('stopwords', download_dir=download_dir)\nnltk.download('punkt', download_dir=download_dir)\nnltk.download('wordnet', download_dir=download_dir)\nnltk.download('averaged_perceptron_tagger', download_dir=download_dir)\nnltk.download('universal_tagset', download_dir=download_dir)\nnltk.download('words', download_dir=download_dir)\nnltk.data.path.append(download_dir)\nfrom nltk.tokenize import sent_tokenize, word_tokenize\nfrom nltk.corpus import stopwords, words\nfrom nltk.stem import WordNetLemmatizer\nfrom nltk.tag import pos_tag\nfrom nltk import ngrams\n\nimport datasets\nimport pandas as pd\nimport numpy as np\nfrom tqdm import tqdm\nimport plotly.express as px\nfrom sklearn.model_selection import GroupKFold\nfrom sklearn.metrics import r2_score, mean_squared_error, mean_absolute_error\nimport optuna\nimport lightgbm as lgb\nfrom catboost import CatBoostRegressor, Pool\nfrom catboost.utils import eval_metric\nfrom math import sqrt\n\nfrom collections import defaultdict\nfrom functools import partial, reduce\nfrom operator import or_\nfrom pathlib import Path\nfrom pprint import pprint\nimport random\nfrom typing import Optional, Union, List, Tuple, Dict, Set, Any\n\nseed = 42\nrandom.seed(seed)\nnp.random.seed(seed)","metadata":{"execution":{"iopub.status.busy":"2023-08-29T19:00:05.211799Z","iopub.execute_input":"2023-08-29T19:00:05.212216Z","iopub.status.idle":"2023-08-29T19:00:05.294592Z","shell.execute_reply.started":"2023-08-29T19:00:05.212182Z","shell.execute_reply":"2023-08-29T19:00:05.293411Z"},"trusted":true},"execution_count":25,"outputs":[{"name":"stdout","text":"[nltk_data] Downloading package stopwords to\n[nltk_data]     /kaggle/working/nltk_data...\n[nltk_data]   Package stopwords is already up-to-date!\n[nltk_data] Downloading package punkt to /kaggle/working/nltk_data...\n[nltk_data]   Package punkt is already up-to-date!\n[nltk_data] Downloading package wordnet to\n[nltk_data]     /kaggle/working/nltk_data...\n[nltk_data]   Package wordnet is already up-to-date!\n[nltk_data] Downloading package averaged_perceptron_tagger to\n[nltk_data]     /kaggle/working/nltk_data...\n[nltk_data]   Package averaged_perceptron_tagger is already up-to-\n[nltk_data]       date!\n[nltk_data] Downloading package universal_tagset to\n[nltk_data]     /kaggle/working/nltk_data...\n[nltk_data]   Package universal_tagset is already up-to-date!\n[nltk_data] Downloading package words to /kaggle/working/nltk_data...\n[nltk_data]   Package words is already up-to-date!\n","output_type":"stream"}]},{"cell_type":"markdown","source":"## 2 - Fix nltk installation","metadata":{}},{"cell_type":"code","source":"%%sh\n\nyes | unzip -q nltk_data/corpora/wordnet.zip -d nltk_data/corpora/\nls nltk_data/corpora/","metadata":{"execution":{"iopub.status.busy":"2023-08-29T19:00:05.296905Z","iopub.execute_input":"2023-08-29T19:00:05.297545Z","iopub.status.idle":"2023-08-29T19:00:05.667284Z","shell.execute_reply.started":"2023-08-29T19:00:05.297510Z","shell.execute_reply":"2023-08-29T19:00:05.666191Z"},"trusted":true},"execution_count":26,"outputs":[{"name":"stdout","text":"stopwords\nstopwords.zip\nwordnet\nwordnet.zip\nwords\nwords.zip\n","output_type":"stream"},{"name":"stderr","text":"replace nltk_data/corpora/wordnet/lexnames? [y]es, [n]o, [A]ll, [N]one, [r]ename: replace nltk_data/corpora/wordnet/data.verb? [y]es, [n]o, [A]ll, [N]one, [r]ename: replace nltk_data/corpora/wordnet/index.adv? [y]es, [n]o, [A]ll, [N]one, [r]ename: replace nltk_data/corpora/wordnet/adv.exc? [y]es, [n]o, [A]ll, [N]one, [r]ename: replace nltk_data/corpora/wordnet/index.verb? [y]es, [n]o, [A]ll, [N]one, [r]ename: replace nltk_data/corpora/wordnet/cntlist.rev? [y]es, [n]o, [A]ll, [N]one, [r]ename: replace nltk_data/corpora/wordnet/data.adj? [y]es, [n]o, [A]ll, [N]one, [r]ename: replace nltk_data/corpora/wordnet/index.adj? [y]es, [n]o, [A]ll, [N]one, [r]ename: replace nltk_data/corpora/wordnet/LICENSE? [y]es, [n]o, [A]ll, [N]one, [r]ename: replace nltk_data/corpora/wordnet/citation.bib? [y]es, [n]o, [A]ll, [N]one, [r]ename: replace nltk_data/corpora/wordnet/noun.exc? [y]es, [n]o, [A]ll, [N]one, [r]ename: replace nltk_data/corpora/wordnet/verb.exc? [y]es, [n]o, [A]ll, [N]one, [r]ename: replace nltk_data/corpora/wordnet/README? [y]es, [n]o, [A]ll, [N]one, [r]ename: replace nltk_data/corpora/wordnet/index.sense? [y]es, [n]o, [A]ll, [N]one, [r]ename: replace nltk_data/corpora/wordnet/data.noun? [y]es, [n]o, [A]ll, [N]one, [r]ename: replace nltk_data/corpora/wordnet/data.adv? [y]es, [n]o, [A]ll, [N]one, [r]ename: replace nltk_data/corpora/wordnet/index.noun? [y]es, [n]o, [A]ll, [N]one, [r]ename: replace nltk_data/corpora/wordnet/adj.exc? [y]es, [n]o, [A]ll, [N]one, [r]ename: ","output_type":"stream"}]},{"cell_type":"markdown","source":"## 3 - Set data paths","metadata":{}},{"cell_type":"code","source":"stop_words = set(stopwords.words('english'))\nlemmatiser = WordNetLemmatizer()\ntqdm.pandas()\n\ndata_dir = Path('/kaggle/input/commonlit-evaluate-student-summaries')\n\nsample_submission = data_dir / 'sample_submission.csv'\nsummaries_train = data_dir / 'summaries_train.csv'\nsummaries_test = data_dir / 'summaries_test.csv'\nprompts_train = data_dir / 'prompts_train.csv'\nprompts_test = data_dir / 'prompts_test.csv'\n\ncontent_model = 'content.txt'\nwording_model = 'wording.txt'","metadata":{"execution":{"iopub.status.busy":"2023-08-29T19:00:05.668908Z","iopub.execute_input":"2023-08-29T19:00:05.669329Z","iopub.status.idle":"2023-08-29T19:00:05.678094Z","shell.execute_reply.started":"2023-08-29T19:00:05.669289Z","shell.execute_reply":"2023-08-29T19:00:05.677156Z"},"trusted":true},"execution_count":27,"outputs":[]},{"cell_type":"markdown","source":"## 4 - Preprocessing functions","metadata":{}},{"cell_type":"code","source":"def text_tokenize(text: str) -> List[str]:\n    return [lemmatiser.lemmatize(tok.lower()) for tok in word_tokenize(text) if tok.isalnum() and tok not in stop_words]\n\n\ndef make_bigram(tokens: List[str]) -> Set[str]:\n    if type(tokens) != list:\n        tokens = tokens.tolist()\n    return set(ngrams(tokens, 2))\n\n\ndef tokenize(row: Dict[str, Any]) -> List[str]:\n    for col in ['prompt_text', 'prompt_title', 'prompt_question', 'prompt_text']:\n        row[f'{col}_lemmas'] = lemmas = text_tokenize(row[col])\n        row[f'{col}_bigram'] = make_bigram(lemmas)\n\n\ndef nlp_preprocess(df: pd.DataFrame, column: str):\n    df[f'{column}_lemmas'] = df[column].apply(text_tokenize)\n    df[f'{column}_bigram'] = df[f'{column}_lemmas'].apply(make_bigram)\n\n\n# def batch_tokenize(data: Dict[str, Any]) -> List[str]:\n#     lemmas = [text_tokenize(row) for row in data]\n#     return lemmas\n\n\ndef process_col(data: Dict[str, Any], col: str) -> List[str]:\n    lemmas = [text_tokenize(text) for text in data]\n    bigrams = [make_bigram(lemma) for lemma in lemmas]\n    n_stopwords = []\n    for row in lemmas:\n        n_stopwords.append(sum([lemma in stop_words for lemma in row]))\n    pos = [pos_tag(lemma, tagset='universal') for lemma in lemmas]\n    sentences = [sent_tokenize(text) for text in data]\n    sentence_len_avg, sentence_len_std = [], []\n    for i in range(len(sentences)):\n        for j in range(len(sentences[i])):\n            sentences[i][j] = len(sentences[i][j].split())\n        sentence_len_avg.append(np.mean(sentences[i]))\n        sentence_len_std.append(np.std(sentences[i]))\n\n    return {f'{col}_lemmas': lemmas,\n            f'{col}_bigram': bigrams,\n            f'{col}_sentence_len_avg': sentence_len_avg,\n            f'{col}_sentence_len_std': sentence_len_std,\n            f'{col}_stopwords': n_stopwords,\n            'pos': pos\n            }\n\n\ndef make_split(summaries_path: Path, prompts_path: Path, dtype_backend: Optional[str] = 'pyarrow') -> pd.DataFrame:\n    summaries_df = pd.read_csv(summaries_path)\n    prompts_df = pd.read_csv(prompts_path)\n\n    for column in ['prompt_title', 'prompt_question', 'prompt_text']:\n        nlp_preprocess(prompts_df, column)\n        prompts_df[f'{column}_unique_bigrams'] = prompts_df[f'{column}_bigram'].str.len()\n\n    summaries_dataset = datasets.Dataset.from_pandas(summaries_df, preserve_index=False)\n    proc_func = partial(process_col, col='text')\n    summaries_df = summaries_dataset.map(function=lambda example: {\n                                         **proc_func(example['text']), **example}, num_proc=os.cpu_count(), keep_in_memory=True, batched=True).to_pandas()\n    summaries_df['text_bigram'] = summaries_df.text_bigram.apply(lambda row: {(x[0], x[1]) for x in row})\n    summaries_df['text_unique_bigrams'] = summaries_df['text_bigram'].str.len()\n\n    df = pd.merge(summaries_df, prompts_df, how='left', on='prompt_id')\n    df.fillna('')\n\n    return df","metadata":{"execution":{"iopub.status.busy":"2023-08-29T19:00:05.679768Z","iopub.execute_input":"2023-08-29T19:00:05.680107Z","iopub.status.idle":"2023-08-29T19:00:05.703256Z","shell.execute_reply.started":"2023-08-29T19:00:05.680079Z","shell.execute_reply":"2023-08-29T19:00:05.701829Z"},"trusted":true},"execution_count":28,"outputs":[]},{"cell_type":"markdown","source":"## 5 - Load data and preprocess","metadata":{}},{"cell_type":"code","source":"%%time\n# Load data\n# df = make_split(summaries_test, prompts_test)\ndf = make_split(summaries_train, prompts_train)","metadata":{"execution":{"iopub.status.busy":"2023-08-29T19:00:05.706392Z","iopub.execute_input":"2023-08-29T19:00:05.706724Z","iopub.status.idle":"2023-08-29T19:00:27.535354Z","shell.execute_reply.started":"2023-08-29T19:00:05.706697Z","shell.execute_reply":"2023-08-29T19:00:27.533972Z"},"trusted":true},"execution_count":29,"outputs":[{"name":"stdout","text":"     ","output_type":"stream"},{"output_type":"display_data","data":{"text/plain":"#0:   0%|          | 0/2 [00:00<?, ?ba/s]","application/vnd.jupyter.widget-view+json":{"version_major":2,"version_minor":0,"model_id":"baa442cfb1a14f819c2ab6bcdfcefd4e"}},"metadata":{}},{"name":"stdout","text":" ","output_type":"stream"},{"output_type":"display_data","data":{"text/plain":"#1:   0%|          | 0/2 [00:00<?, ?ba/s]","application/vnd.jupyter.widget-view+json":{"version_major":2,"version_minor":0,"model_id":"faac049eaec84916be56933dcfccb5e1"}},"metadata":{}},{"name":"stdout","text":"  ","output_type":"stream"},{"output_type":"display_data","data":{"text/plain":"#2:   0%|          | 0/2 [00:00<?, ?ba/s]","application/vnd.jupyter.widget-view+json":{"version_major":2,"version_minor":0,"model_id":"750ea394470343cf8cbbcb2d184fd616"}},"metadata":{}},{"output_type":"display_data","data":{"text/plain":"#3:   0%|          | 0/2 [00:00<?, ?ba/s]","application/vnd.jupyter.widget-view+json":{"version_major":2,"version_minor":0,"model_id":"908ff2b9fc814a69a476289ff2a7e63f"}},"metadata":{}},{"name":"stdout","text":"CPU times: user 1.03 s, sys: 278 ms, total: 1.3 s\nWall time: 21.8 s\n","output_type":"stream"}]},{"cell_type":"markdown","source":"## 6 - Create bigram based features","metadata":{}},{"cell_type":"code","source":"df_train = df.copy(deep=True)\n\n# Create n-gram based features\ndf_train['text_bigram_overlap'] = df_train[['prompt_text_bigram', 'text_bigram']].apply(lambda row: len(row[0] & row[1]), axis=1) / df_train.text_unique_bigrams\ndf_train['question_bigram_overlap'] = df_train[['prompt_question_bigram', 'text_bigram']].apply(lambda row: len(row[0] & row[1]), axis=1) / df_train.text_unique_bigrams\ndf_train['text_bigram_ratio'] = df_train['text_unique_bigrams'] / (df_train['prompt_text_unique_bigrams'])\n\ndf_train['text_bigram_diff'] = df_train[['prompt_text_bigram', 'text_bigram']].apply(lambda row: len(row[1] - row[0]), axis=1) / df_train.text_unique_bigrams\ndf_train['question_bigram_diff'] = df_train[['prompt_question_bigram', 'text_bigram']].apply(lambda row: len(row[1] - row[0]), axis=1) / df_train.text_unique_bigrams\n\ndf_train['text_bigram_exclusive'] = df_train[['prompt_text_bigram', 'text_bigram']].apply(lambda row: len(row[0] ^ row[1]), axis=1) / df_train.text_unique_bigrams\ndf_train['question_bigram_exclusive'] = df_train[['prompt_question_bigram', 'text_bigram']].apply(lambda row: len(row[0] ^ row[1]), axis=1) / df_train.text_unique_bigrams","metadata":{"execution":{"iopub.status.busy":"2023-08-29T19:00:27.539227Z","iopub.execute_input":"2023-08-29T19:00:27.539762Z","iopub.status.idle":"2023-08-29T19:00:28.442019Z","shell.execute_reply.started":"2023-08-29T19:00:27.539719Z","shell.execute_reply":"2023-08-29T19:00:28.440922Z"},"trusted":true},"execution_count":30,"outputs":[]},{"cell_type":"markdown","source":"## 7 - Create word based features","metadata":{}},{"cell_type":"code","source":"df_train['n_words'] = df_train.text_lemmas.str.len()\ndf_train['unique_words'] = df_train.text_lemmas.apply(set).str.len()\ndf_train['unique_ratio'] = df_train.unique_words / df_train.n_words","metadata":{"execution":{"iopub.status.busy":"2023-08-29T19:00:28.443235Z","iopub.execute_input":"2023-08-29T19:00:28.443833Z","iopub.status.idle":"2023-08-29T19:00:29.035588Z","shell.execute_reply.started":"2023-08-29T19:00:28.443801Z","shell.execute_reply":"2023-08-29T19:00:29.034432Z"},"trusted":true},"execution_count":31,"outputs":[]},{"cell_type":"code","source":"df_train['word_lengths'] = df_train.text_lemmas.apply(lambda x: [len(y) for y in x])\ndf_train['word_len_avg'] = df_train.word_lengths.apply(np.mean)","metadata":{"execution":{"iopub.status.busy":"2023-08-29T19:00:29.036843Z","iopub.execute_input":"2023-08-29T19:00:29.037151Z","iopub.status.idle":"2023-08-29T19:00:29.260566Z","shell.execute_reply.started":"2023-08-29T19:00:29.037124Z","shell.execute_reply":"2023-08-29T19:00:29.259408Z"},"trusted":true},"execution_count":32,"outputs":[]},{"cell_type":"code","source":"df_train['word_len_q10'] = df_train.word_lengths.apply(partial(np.percentile, q=10))\ndf_train['word_len_q90'] = df_train.word_lengths.apply(partial(np.percentile, q=90))\ndf_train['word_len_std'] = df_train.word_lengths.apply(np.std)","metadata":{"execution":{"iopub.status.busy":"2023-08-29T19:00:29.261999Z","iopub.execute_input":"2023-08-29T19:00:29.262334Z","iopub.status.idle":"2023-08-29T19:00:31.734152Z","shell.execute_reply.started":"2023-08-29T19:00:29.262305Z","shell.execute_reply":"2023-08-29T19:00:31.733115Z"},"trusted":true},"execution_count":33,"outputs":[]},{"cell_type":"code","source":"def pos_counts(tags):\n    dd = defaultdict(lambda: 0)\n    for _, pos in tags:\n        dd[pos] += 1\n    return dd\n\ndf_train['pos_counts'] = df_train.pos.apply(pos_counts)","metadata":{"execution":{"iopub.status.busy":"2023-08-29T19:00:31.735551Z","iopub.execute_input":"2023-08-29T19:00:31.735971Z","iopub.status.idle":"2023-08-29T19:00:32.134862Z","shell.execute_reply.started":"2023-08-29T19:00:31.735933Z","shell.execute_reply":"2023-08-29T19:00:32.133649Z"},"trusted":true},"execution_count":34,"outputs":[]},{"cell_type":"code","source":"df_train['verb_count'] = df_train.pos_counts.str['VERB'].replace(np.nan, 0)\ndf_train['noun_count'] = df_train.pos_counts.str['NOUN'].replace(np.nan, 0)\ndf_train['adv_count'] = df_train.pos_counts.str['ADV'].replace(np.nan, 0)\ndf_train['adj_count'] = df_train.pos_counts.str['ADJ'].replace(np.nan, 0)\ndf_train['det_count'] = df_train.pos_counts.str['DET'].replace(np.nan, 0)","metadata":{"execution":{"iopub.status.busy":"2023-08-29T19:00:32.136183Z","iopub.execute_input":"2023-08-29T19:00:32.136536Z","iopub.status.idle":"2023-08-29T19:00:32.189938Z","shell.execute_reply.started":"2023-08-29T19:00:32.136505Z","shell.execute_reply":"2023-08-29T19:00:32.188767Z"},"trusted":true},"execution_count":35,"outputs":[]},{"cell_type":"markdown","source":"## 8 - Create spelling based features","metadata":{}},{"cell_type":"code","source":"%%sh\nwget -nv https://github.com/dwyl/english-words/archive/refs/heads/master.zip -O master.zip\nyes | unzip -q master.zip","metadata":{"execution":{"iopub.status.busy":"2023-08-29T19:00:32.191724Z","iopub.execute_input":"2023-08-29T19:00:32.192186Z","iopub.status.idle":"2023-08-29T19:00:34.220982Z","shell.execute_reply.started":"2023-08-29T19:00:32.192139Z","shell.execute_reply":"2023-08-29T19:00:34.220065Z"},"trusted":true},"execution_count":36,"outputs":[{"name":"stderr","text":"2023-08-29 19:00:34 URL:https://codeload.github.com/dwyl/english-words/zip/refs/heads/master [7118481] -> \"master.zip\" [1]\nreplace english-words-master/CONTRIBUTING.md? [y]es, [n]o, [A]ll, [N]one, [r]ename: replace english-words-master/LICENSE.md? [y]es, [n]o, [A]ll, [N]one, [r]ename: replace english-words-master/README.md? [y]es, [n]o, [A]ll, [N]one, [r]ename: replace english-words-master/read_english_dictionary.py? [y]es, [n]o, [A]ll, [N]one, [r]ename: replace english-words-master/scripts/create_json.py? [y]es, [n]o, [A]ll, [N]one, [r]ename: replace english-words-master/scripts/gen.sh? [y]es, [n]o, [A]ll, [N]one, [r]ename: replace english-words-master/word_list_moby_README.txt? [y]es, [n]o, [A]ll, [N]one, [r]ename: replace english-words-master/word_list_moby_all_moby_words.icss.yaml? [y]es, [n]o, [A]ll, [N]one, [r]ename: replace english-words-master/word_list_moby_credits.txt? [y]es, [n]o, [A]ll, [N]one, [r]ename: replace english-words-master/words.txt? [y]es, [n]o, [A]ll, [N]one, [r]ename: replace english-words-master/words.zip? [y]es, [n]o, [A]ll, [N]one, [r]ename: replace english-words-master/words_alpha.txt? [y]es, [n]o, [A]ll, [N]one, [r]ename: replace english-words-master/words_alpha.zip? [y]es, [n]o, [A]ll, [N]one, [r]ename: replace english-words-master/words_dictionary.json? [y]es, [n]o, [A]ll, [N]one, [r]ename: replace english-words-master/words_dictionary.zip? [y]es, [n]o, [A]ll, [N]one, [r]ename: ","output_type":"stream"}]},{"cell_type":"code","source":"with open('./english-words-master/words.txt', 'r') as f:\n    en_words = [line.strip() for line in f.read().split('\\n')]\n\nen_words = set([word for word in en_words if word.isalpha()])","metadata":{"execution":{"iopub.status.busy":"2023-08-29T19:00:34.222136Z","iopub.execute_input":"2023-08-29T19:00:34.222577Z","iopub.status.idle":"2023-08-29T19:00:34.483499Z","shell.execute_reply.started":"2023-08-29T19:00:34.222540Z","shell.execute_reply":"2023-08-29T19:00:34.482206Z"},"trusted":true},"execution_count":37,"outputs":[]},{"cell_type":"code","source":"def get_unique_words(col: str) -> Set[str]:\n    word_sets = df_train[col].apply(set).tolist()\n    return reduce(or_, word_sets)\n\nprompt_words = get_unique_words('prompt_text_lemmas')\nquestion_words = get_unique_words('prompt_question_lemmas')\ntitle_words = get_unique_words('prompt_title_lemmas')\n\nword_set = en_words | prompt_words | question_words | title_words","metadata":{"execution":{"iopub.status.busy":"2023-08-29T19:00:34.489172Z","iopub.execute_input":"2023-08-29T19:00:34.489521Z","iopub.status.idle":"2023-08-29T19:00:34.930224Z","shell.execute_reply.started":"2023-08-29T19:00:34.489491Z","shell.execute_reply":"2023-08-29T19:00:34.929283Z"},"trusted":true},"execution_count":38,"outputs":[]},{"cell_type":"code","source":"with open('commonlit_words.txt', 'w') as f:\n    f.write('\\n'.join(word_set))","metadata":{"execution":{"iopub.status.busy":"2023-08-29T19:00:34.931528Z","iopub.execute_input":"2023-08-29T19:00:34.932246Z","iopub.status.idle":"2023-08-29T19:00:35.040859Z","shell.execute_reply.started":"2023-08-29T19:00:34.932214Z","shell.execute_reply":"2023-08-29T19:00:35.039951Z"},"trusted":true},"execution_count":39,"outputs":[]},{"cell_type":"markdown","source":"```\n# word_dir = words.abspath('en')\n# Initialise the algorithm\nmetric = Levenshtein()\n# Index the words from a dictionary\n# metric.add_from_path('./brown_words.txt')\n# metric.add_from_path(words.abspath('en'))\n# metric.add_from_path('./english-words-master/words.txt')\nmetric.add_from_path('./commonlit_words.txt')\n\ndef get_distances(tokens: List[str], metric: spellwise.algorithms.base.Base) -> List[str]:\n    distances = []\n    for idx, token in enumerate(tokens):\n        suggestions = metric.get_suggestions(token)\n        if suggestions == []:\n            distance = len(token) if token.isalpha() else 0\n        else:\n            distance = suggestions[0]['distance']\n        distances.append(distance)\n    return sum(distances)\n\n\ndef distance_func(chunk: pd.DataFrame):\n    return chunk.apply(partial(get_distances, metric=metric))\n\nn_jobs = 6\ndf_chunks = np.array_split(df_train.text_lemmas, n_jobs * 2)\n# total_edit_distances = Parallel(n_jobs=n_jobs, backend='loky')(delayed(distance_func)(chunk) for chunk in tqdm(df_chunks))\n```","metadata":{}},{"cell_type":"code","source":"count_missing_words = lambda tokens: sum([word not in word_set for word in tokens if word.isalpha()])\ndf_train['missing_wordcount'] = df_train.text_lemmas.progress_apply(count_missing_words)","metadata":{"execution":{"iopub.status.busy":"2023-08-29T19:00:35.042253Z","iopub.execute_input":"2023-08-29T19:00:35.042840Z","iopub.status.idle":"2023-08-29T19:00:35.170529Z","shell.execute_reply.started":"2023-08-29T19:00:35.042807Z","shell.execute_reply":"2023-08-29T19:00:35.169630Z"},"trusted":true},"execution_count":40,"outputs":[{"name":"stderr","text":"100%|██████████| 7165/7165 [00:00<00:00, 60337.28it/s]\n","output_type":"stream"}]},{"cell_type":"code","source":"numeric_features = df_train.select_dtypes(include=np.number)\ntarget_columns = ['content', 'wording']\nfeature_columns = [col for col in numeric_features if col not in target_columns]\n\ntargets = numeric_features[target_columns]\nfeatures = numeric_features[feature_columns]\nprompt_group = pd.Categorical(df['prompt_title'])","metadata":{"execution":{"iopub.status.busy":"2023-08-29T19:00:35.172172Z","iopub.execute_input":"2023-08-29T19:00:35.172494Z","iopub.status.idle":"2023-08-29T19:00:35.184287Z","shell.execute_reply.started":"2023-08-29T19:00:35.172467Z","shell.execute_reply":"2023-08-29T19:00:35.183206Z"},"trusted":true},"execution_count":41,"outputs":[]},{"cell_type":"code","source":"target_correlations = pd.concat([features.corrwith(df_train['content']), features.corrwith(df_train['wording'])], axis=1).rename(columns={0:'content', 1:'wording'})\ntarget_correlations","metadata":{"execution":{"iopub.status.busy":"2023-08-29T19:00:35.185936Z","iopub.execute_input":"2023-08-29T19:00:35.186251Z","iopub.status.idle":"2023-08-29T19:00:35.229751Z","shell.execute_reply.started":"2023-08-29T19:00:35.186224Z","shell.execute_reply":"2023-08-29T19:00:35.228647Z"},"trusted":true},"execution_count":42,"outputs":[{"execution_count":42,"output_type":"execute_result","data":{"text/plain":"                                 content   wording\ntext_sentence_len_avg          -0.029619 -0.136316\ntext_sentence_len_std           0.409480  0.271170\ntext_stopwords                  0.624798  0.465088\ntext_unique_bigrams             0.796601  0.535982\nprompt_title_unique_bigrams     0.049018  0.047581\nprompt_question_unique_bigrams  0.029809 -0.045439\nprompt_text_unique_bigrams     -0.031313 -0.134639\ntext_bigram_overlap            -0.014675 -0.316449\nquestion_bigram_overlap        -0.091749 -0.034915\ntext_bigram_ratio               0.799985  0.568999\ntext_bigram_diff                0.014675  0.316449\nquestion_bigram_diff            0.091749  0.034915\ntext_bigram_exclusive          -0.760313 -0.576763\nquestion_bigram_exclusive      -0.567776 -0.445547\nn_words                         0.793450  0.534346\nunique_words                    0.799003  0.530608\nunique_ratio                   -0.526725 -0.431120\nword_len_avg                    0.136251  0.165786\nword_len_q10                   -0.090196 -0.059456\nword_len_q90                    0.208500  0.242246\nword_len_std                    0.158266  0.199749\nverb_count                      0.686144  0.436233\nnoun_count                      0.771478  0.523740\nadv_count                       0.566053  0.400297\nadj_count                       0.709521  0.476357\ndet_count                       0.563414  0.469131\nmissing_wordcount               0.396537  0.357206","text/html":"<div>\n<style scoped>\n    .dataframe tbody tr th:only-of-type {\n        vertical-align: middle;\n    }\n\n    .dataframe tbody tr th {\n        vertical-align: top;\n    }\n\n    .dataframe thead th {\n        text-align: right;\n    }\n</style>\n<table border=\"1\" class=\"dataframe\">\n  <thead>\n    <tr style=\"text-align: right;\">\n      <th></th>\n      <th>content</th>\n      <th>wording</th>\n    </tr>\n  </thead>\n  <tbody>\n    <tr>\n      <th>text_sentence_len_avg</th>\n      <td>-0.029619</td>\n      <td>-0.136316</td>\n    </tr>\n    <tr>\n      <th>text_sentence_len_std</th>\n      <td>0.409480</td>\n      <td>0.271170</td>\n    </tr>\n    <tr>\n      <th>text_stopwords</th>\n      <td>0.624798</td>\n      <td>0.465088</td>\n    </tr>\n    <tr>\n      <th>text_unique_bigrams</th>\n      <td>0.796601</td>\n      <td>0.535982</td>\n    </tr>\n    <tr>\n      <th>prompt_title_unique_bigrams</th>\n      <td>0.049018</td>\n      <td>0.047581</td>\n    </tr>\n    <tr>\n      <th>prompt_question_unique_bigrams</th>\n      <td>0.029809</td>\n      <td>-0.045439</td>\n    </tr>\n    <tr>\n      <th>prompt_text_unique_bigrams</th>\n      <td>-0.031313</td>\n      <td>-0.134639</td>\n    </tr>\n    <tr>\n      <th>text_bigram_overlap</th>\n      <td>-0.014675</td>\n      <td>-0.316449</td>\n    </tr>\n    <tr>\n      <th>question_bigram_overlap</th>\n      <td>-0.091749</td>\n      <td>-0.034915</td>\n    </tr>\n    <tr>\n      <th>text_bigram_ratio</th>\n      <td>0.799985</td>\n      <td>0.568999</td>\n    </tr>\n    <tr>\n      <th>text_bigram_diff</th>\n      <td>0.014675</td>\n      <td>0.316449</td>\n    </tr>\n    <tr>\n      <th>question_bigram_diff</th>\n      <td>0.091749</td>\n      <td>0.034915</td>\n    </tr>\n    <tr>\n      <th>text_bigram_exclusive</th>\n      <td>-0.760313</td>\n      <td>-0.576763</td>\n    </tr>\n    <tr>\n      <th>question_bigram_exclusive</th>\n      <td>-0.567776</td>\n      <td>-0.445547</td>\n    </tr>\n    <tr>\n      <th>n_words</th>\n      <td>0.793450</td>\n      <td>0.534346</td>\n    </tr>\n    <tr>\n      <th>unique_words</th>\n      <td>0.799003</td>\n      <td>0.530608</td>\n    </tr>\n    <tr>\n      <th>unique_ratio</th>\n      <td>-0.526725</td>\n      <td>-0.431120</td>\n    </tr>\n    <tr>\n      <th>word_len_avg</th>\n      <td>0.136251</td>\n      <td>0.165786</td>\n    </tr>\n    <tr>\n      <th>word_len_q10</th>\n      <td>-0.090196</td>\n      <td>-0.059456</td>\n    </tr>\n    <tr>\n      <th>word_len_q90</th>\n      <td>0.208500</td>\n      <td>0.242246</td>\n    </tr>\n    <tr>\n      <th>word_len_std</th>\n      <td>0.158266</td>\n      <td>0.199749</td>\n    </tr>\n    <tr>\n      <th>verb_count</th>\n      <td>0.686144</td>\n      <td>0.436233</td>\n    </tr>\n    <tr>\n      <th>noun_count</th>\n      <td>0.771478</td>\n      <td>0.523740</td>\n    </tr>\n    <tr>\n      <th>adv_count</th>\n      <td>0.566053</td>\n      <td>0.400297</td>\n    </tr>\n    <tr>\n      <th>adj_count</th>\n      <td>0.709521</td>\n      <td>0.476357</td>\n    </tr>\n    <tr>\n      <th>det_count</th>\n      <td>0.563414</td>\n      <td>0.469131</td>\n    </tr>\n    <tr>\n      <th>missing_wordcount</th>\n      <td>0.396537</td>\n      <td>0.357206</td>\n    </tr>\n  </tbody>\n</table>\n</div>"},"metadata":{}}]},{"cell_type":"code","source":"wording_top_features = target_correlations.loc[target_correlations['content'].abs() > 0.3, 'content']\ncontent_top_features = target_correlations.loc[target_correlations['wording'].abs() > 0.3, 'wording']\n\nfrom IPython.display import display\ndisplay(wording_top_features)\ndisplay(content_top_features)","metadata":{"execution":{"iopub.status.busy":"2023-08-29T19:00:35.231560Z","iopub.execute_input":"2023-08-29T19:00:35.231887Z","iopub.status.idle":"2023-08-29T19:00:35.245752Z","shell.execute_reply.started":"2023-08-29T19:00:35.231859Z","shell.execute_reply":"2023-08-29T19:00:35.244485Z"},"trusted":true},"execution_count":43,"outputs":[{"output_type":"display_data","data":{"text/plain":"text_sentence_len_std        0.409480\ntext_stopwords               0.624798\ntext_unique_bigrams          0.796601\ntext_bigram_ratio            0.799985\ntext_bigram_exclusive       -0.760313\nquestion_bigram_exclusive   -0.567776\nn_words                      0.793450\nunique_words                 0.799003\nunique_ratio                -0.526725\nverb_count                   0.686144\nnoun_count                   0.771478\nadv_count                    0.566053\nadj_count                    0.709521\ndet_count                    0.563414\nmissing_wordcount            0.396537\nName: content, dtype: float64"},"metadata":{}},{"output_type":"display_data","data":{"text/plain":"text_stopwords               0.465088\ntext_unique_bigrams          0.535982\ntext_bigram_overlap         -0.316449\ntext_bigram_ratio            0.568999\ntext_bigram_diff             0.316449\ntext_bigram_exclusive       -0.576763\nquestion_bigram_exclusive   -0.445547\nn_words                      0.534346\nunique_words                 0.530608\nunique_ratio                -0.431120\nverb_count                   0.436233\nnoun_count                   0.523740\nadv_count                    0.400297\nadj_count                    0.476357\ndet_count                    0.469131\nmissing_wordcount            0.357206\nName: wording, dtype: float64"},"metadata":{}}]},{"cell_type":"code","source":"corr = numeric_features.corr()\n\nimport plotly.graph_objects as go\nimport plotly.io as pio\n\npio.templates.default = \"plotly_white\"\n\nfig = go.Heatmap(\n    z=corr,\n    x=corr.columns,\n    y=corr.columns,\n    colorscale=px.colors.diverging.RdBu,\n    zmin=-1,\n    zmax=1\n)\n\nfig = go.Figure(fig)\nfig.update_layout(height=800)\nfig.show()\n\n","metadata":{"execution":{"iopub.status.busy":"2023-08-29T19:00:35.247093Z","iopub.execute_input":"2023-08-29T19:00:35.248158Z","iopub.status.idle":"2023-08-29T19:00:35.331756Z","shell.execute_reply.started":"2023-08-29T19:00:35.248114Z","shell.execute_reply":"2023-08-29T19:00:35.330142Z"},"trusted":true},"execution_count":44,"outputs":[{"output_type":"display_data","data":{"text/html":"<div>                            <div id=\"7a74ab35-c1cc-4174-843f-80f95b70c9a2\" class=\"plotly-graph-div\" style=\"height:800px; width:100%;\"></div>            <script type=\"text/javascript\">                require([\"plotly\"], function(Plotly) {                    window.PLOTLYENV=window.PLOTLYENV || {};                                    if (document.getElementById(\"7a74ab35-c1cc-4174-843f-80f95b70c9a2\")) {                    Plotly.newPlot(                        \"7a74ab35-c1cc-4174-843f-80f95b70c9a2\",                        [{\"colorscale\":[[0.0,\"rgb(103,0,31)\"],[0.1,\"rgb(178,24,43)\"],[0.2,\"rgb(214,96,77)\"],[0.3,\"rgb(244,165,130)\"],[0.4,\"rgb(253,219,199)\"],[0.5,\"rgb(247,247,247)\"],[0.6,\"rgb(209,229,240)\"],[0.7,\"rgb(146,197,222)\"],[0.8,\"rgb(67,147,195)\"],[0.9,\"rgb(33,102,172)\"],[1.0,\"rgb(5,48,97)\"]],\"x\":[\"content\",\"wording\",\"text_sentence_len_avg\",\"text_sentence_len_std\",\"text_stopwords\",\"text_unique_bigrams\",\"prompt_title_unique_bigrams\",\"prompt_question_unique_bigrams\",\"prompt_text_unique_bigrams\",\"text_bigram_overlap\",\"question_bigram_overlap\",\"text_bigram_ratio\",\"text_bigram_diff\",\"question_bigram_diff\",\"text_bigram_exclusive\",\"question_bigram_exclusive\",\"n_words\",\"unique_words\",\"unique_ratio\",\"word_len_avg\",\"word_len_q10\",\"word_len_q90\",\"word_len_std\",\"verb_count\",\"noun_count\",\"adv_count\",\"adj_count\",\"det_count\",\"missing_wordcount\"],\"y\":[\"content\",\"wording\",\"text_sentence_len_avg\",\"text_sentence_len_std\",\"text_stopwords\",\"text_unique_bigrams\",\"prompt_title_unique_bigrams\",\"prompt_question_unique_bigrams\",\"prompt_text_unique_bigrams\",\"text_bigram_overlap\",\"question_bigram_overlap\",\"text_bigram_ratio\",\"text_bigram_diff\",\"question_bigram_diff\",\"text_bigram_exclusive\",\"question_bigram_exclusive\",\"n_words\",\"unique_words\",\"unique_ratio\",\"word_len_avg\",\"word_len_q10\",\"word_len_q90\",\"word_len_std\",\"verb_count\",\"noun_count\",\"adv_count\",\"adj_count\",\"det_count\",\"missing_wordcount\"],\"z\":[[1.0,0.751380485970197,-0.029619485529518284,0.40947989912210697,0.624797583225513,0.7966007529184325,0.049017944725495255,0.029808608246635285,-0.03131301168988627,-0.014675166058473188,-0.0917486445251662,0.7999850720350226,0.014675166058473207,0.09174864452516618,-0.7603129736665116,-0.567775626791636,0.7934497716376757,0.7990032929922493,-0.5267252092756638,0.13625058335593782,-0.09019551832373024,0.20849973341762335,0.15826593375807288,0.6861436917262889,0.7714783560309686,0.5660532408697854,0.7095206060445235,0.563414269020132,0.39653702764514454],[0.751380485970197,1.0,-0.13631573284105852,0.27116977621061183,0.46508780332536087,0.5359821191056647,0.04758136241696581,-0.04543925319245653,-0.1346393972883957,-0.31644893093924725,-0.03491515339810521,0.56899889541806,0.3164489309392473,0.03491515339810528,-0.5767633213923643,-0.44554742978801837,0.5343455643264277,0.5306076066627153,-0.4311200724597816,0.1657863788062357,-0.059455676329533205,0.24224603448605705,0.1997492782509476,0.4362329454699299,0.5237401242361663,0.4002965079997275,0.4763568982628918,0.469131136638786,0.3572062032131967],[-0.029619485529518284,-0.13631573284105852,1.0,0.02291728849171641,-0.2623510815583936,0.03636899600572435,0.052239953574486526,-0.05573100549267947,0.14761315519207957,0.06508625905744964,0.06642689170424333,-0.0011132658548484399,-0.06508625905744983,-0.06642689170424343,0.004222387839233641,-0.06419835223683028,0.034429459221159094,0.040696319964183235,0.03263331563239374,-0.03727626759460258,0.10372938132191152,-0.06965572320026008,-0.12724292192492134,0.10733085135435066,0.04058179570100085,0.0881269279518305,-0.003684795627238257,-0.18828227958240906,0.05838155024418034],[0.40947989912210697,0.27116977621061183,0.02291728849171641,1.0,0.23736685991103587,0.436917794080317,0.16265317632881143,0.06523060003475582,0.20906543336400335,0.22212750135610096,-0.07514444764350398,0.36754994034832705,-0.22212750135610068,0.07514444764350381,-0.4485284885179198,-0.31431332712802423,0.4331213346502496,0.45449414017170225,-0.27959072910654653,-0.0413197414259908,-0.07727421372420801,0.03171824685120838,0.01951800881959755,0.4679833600911237,0.4031531142843703,0.377601591857271,0.3073459906553479,0.21279854139177118,0.18494958280681714],[0.624797583225513,0.46508780332536087,-0.2623510815583936,0.23736685991103587,1.0,0.7684966310529384,0.14473023295520734,0.2205621810162549,-0.03339708620022845,0.09960086050624899,-0.12959423715879384,0.7743799943903906,-0.09960086050624886,0.12959423715879434,-0.5631614056344828,-0.33609966459135215,0.7740065756345574,0.7449815802763635,-0.48441924993455354,-0.0007254413689544577,-0.24754283246210393,0.11906923449077703,0.17134829189022832,0.62266425516883,0.7361374909439167,0.47054491258938713,0.6926433667663278,0.7653935380573927,0.39579728712842255],[0.7966007529184325,0.5359821191056647,0.03636899600572435,0.436917794080317,0.7684966310529384,1.0,0.15468666469856426,0.16556368092753795,0.0832144510166367,0.17963043480803323,-0.1419122175256624,0.9661531922558207,-0.17963043480803356,0.1419122175256628,-0.7153687921553757,-0.4782983999150241,0.9967587671561882,0.9885553456030991,-0.5414431695317297,0.06580653345949862,-0.11619577610869278,0.14657301651303256,0.11234111759006286,0.8904004801535781,0.9668667845267405,0.701628093357507,0.8737764915080486,0.6329596885160573,0.4932470110127337],[0.049017944725495255,0.04758136241696581,0.052239953574486526,0.16265317632881143,0.14473023295520734,0.15468666469856426,1.0,0.6446709591118327,0.5669722400461062,0.16462222803372153,0.057511715826986616,0.03222915956197577,-0.16462222803372173,-0.05751171582698664,0.04075395940611889,0.21516854485476705,0.15050820933127862,0.15969843866671332,-0.12091641086599535,-0.17608241384139645,-0.007429457618610183,-0.12292714178266052,-0.2089994173310203,0.2948381565363272,0.13197064106197512,0.05430901860178008,-0.006390335012028076,0.0019827907209077032,0.14617960261321236],[0.029808608246635285,-0.04543925319245653,-0.05573100549267947,0.06523060003475582,0.2205621810162549,0.16556368092753795,0.6446709591118327,1.0,0.2055004492053002,0.13930543295766692,-0.08467431029801084,0.11771050596016472,-0.1393054329576671,0.0846743102980112,-0.056042669438411186,0.44510986870067465,0.1648556913531125,0.16186669152104768,-0.1572202089837897,-0.031574714532084686,-0.03603146685601957,-0.0577840484621333,-0.1186257916690262,0.11367932729062229,0.1788096540708009,-0.04325642779499967,0.20589157605572084,0.06150859764088177,0.24955717212692455],[-0.03131301168988627,-0.1346393972883957,0.14761315519207957,0.20906543336400335,-0.03339708620022845,0.0832144510166367,0.5669722400461062,0.2055004492053002,1.0,0.2633878063086818,0.009111834325589433,-0.1308759929366267,-0.263387806308682,-0.00911183432558932,0.2004154521310951,0.04803665542362163,0.08469772700049145,0.07485070753200786,-0.15838365145377403,-0.5426504245643177,-0.04155697857394052,-0.46993584815598893,-0.473936906380713,0.32834721345741624,0.025112476426865392,0.16442338319188243,-0.14727891967077278,-0.11151635492056255,-0.08475133528257911],[-0.014675166058473188,-0.31644893093924725,0.06508625905744964,0.22212750135610096,0.09960086050624899,0.17963043480803323,0.16462222803372153,0.13930543295766692,0.2633878063086818,1.0,-0.14082394129402004,0.11787868682470062,-0.9999999999999999,0.14082394129402018,-0.13336538522095703,-0.015914492247178176,0.17598759565796862,0.20835574624463166,0.05023615375530235,-0.044178598305408795,0.024526948461792132,-0.07613263872252596,-0.08113660037405696,0.23293560261341095,0.14963809876165507,0.14696119697137194,0.11320182786468579,0.0013732155114885025,-0.21066497239475204],[-0.0917486445251662,-0.03491515339810521,0.06642689170424333,-0.07514444764350398,-0.12959423715879384,-0.1419122175256624,0.057511715826986616,-0.08467431029801084,0.009111834325589433,-0.14082394129402004,1.0,-0.14583228297452738,0.14082394129401982,-1.0000000000000007,0.11412206021528308,-0.36024466596821475,-0.136610681705109,-0.14584824442211394,0.05412113276438504,0.09559813103762997,0.08693781875308298,0.08354839987564502,0.008723002742365066,-0.10849967465230538,-0.1277704228987982,-0.14214680446984884,-0.12165425085921155,-0.023061493636713986,-0.15204774327567006],[0.7999850720350226,0.56899889541806,-0.0011132658548484399,0.36754994034832705,0.7743799943903906,0.9661531922558207,0.03222915956197577,0.11771050596016472,-0.1308759929366267,0.11787868682470062,-0.14583228297452738,1.0,-0.11787868682470053,0.1458322829745273,-0.733329607862486,-0.47842975844723507,0.9624619235259747,0.9554349505137483,-0.5077448012310127,0.18093808848501802,-0.09945977142020311,0.24519124645776103,0.2068227052155612,0.7846234340422067,0.9506063961164231,0.6481032293952483,0.9064328979968275,0.6528614778500699,0.5071340430759023],[0.014675166058473207,0.3164489309392473,-0.06508625905744983,-0.22212750135610068,-0.09960086050624886,-0.17963043480803356,-0.16462222803372173,-0.1393054329576671,-0.263387806308682,-0.9999999999999999,0.14082394129401982,-0.11787868682470053,1.0,-0.14082394129402007,0.13336538522095698,0.015914492247178176,-0.1759875956579688,-